137,796
137,504
137,4848
137,548
137,831
137,597
137,512
137,527
137,572
137,511
137,492
137,586
137,528
12000,703
12000,434
12000,500
12000,471
12000,536
12000,487
12000,512
12000,490
12000,545
12000,486
12000,440
12000,504
12000,539
12000,465
12000,476
12000,483
12000,544
12000,741
12000,583
12000,473
12000,561
12000,471
12000,625
12000,545
12000,622
12000,561
12000,517
12000,474
12000,488
12000,475
12000,522
12000,485
12000,493
12000,498
12000,467
12000,483
12000,533
12000,521
12000,507
12000,500
12000,6268
12000,519
12000,227
12000,525
12000,494
12000,515
12000,468
12000,468
12000,523
120000,1437
120000,1814
120000,1806
120000,1359
120000,1607
120000,1869
120000,956
120000,992
120000,2756
120000,1488
120000,9331
120000,2563
120000,1956
120000,1530
120000,998
120000,1210
120000,1237
120000,1562
120000,1517
120000,1321
120000,1660
120000,1242
120000,1662
1000000,71864
1000000,14346
1000000,13309
1000000,13587
1000000,8915
1000000,12639
1000000,11952
1000000,13012
1000000,13395
1000000,13697
1000000,13140
1000000,13614
1000000,14811
1000000,9896
1000000,11365
1000000,7466
1000000,9682
1000000,10212
1000000,10390
1000000,9851
1000000,11620
1000000,7616
1000000,11529
1000000,12221
1000000,12081
1000000,10953
1000000,11069
1000000,11246
1000000,10451
1000000,14851
1000000,12390
1000000,12869
1000000,12023
1000000,12955
1040000,12066
1040000,13015
1040000,12828
1040000,11160
1040000,11794
1040000,11362
1040000,8702
1040000,8206
1040000,10658
1040000,10425
1040000,10072
1040000,9578
1040000,10708
1040000,9512
1040000,8326
1040000,8859
1040000,9530
1040000,9790
